


---- AMOSTRA #1 ----

M1->C1
6002.74
8207.35
10720.34
13330.53
16638.67
20003.54
23884.32

M1->C2
10828.62
15043.58
18888.11
24306.60
28855.87
34871.90
41787.57

M2->C1
0.32
0.38
0.51
0.85
0.60
1.11
0.74

M2->C2
6341.42
8732.37
11102.83
14311.24
17728.16
21693.76
25133.39

M3->C1
10.18
14.07
14.00
13.23
16.80
17.04
18.54

M3->C2
9.62
10.93
12.56
13.92
16.01
17.13
18.78

M4->C1
2.88
3.19
4.18
4.63
5.34
5.61
5.94

M4->C2
3.34
3.81
4.32
4.52
5.11
6.00
5.66

M5->C1
30.34
35.85
42.23
47.23
54.97
59.06
65.27

M5->C2
29.19
34.14
39.68
44.34
50.55
56.27
61.98



---- AMOSTRA #2 ----

M1->C1
5870.03
7997.30
10764.91
13536.50
16449.02



---- AMOSTRA #1 ----

M1->C1
4137.37
16503.82
36688.03
65440.80
102269.80
147235.77
201492.46

M1->C2
7491.69
29712.74
65851.51
116903.97
180753.02
262669.05
358080.05

M2->C1
0.27
0.56
0.83
1.47
1.83
2.03
2.05

M2->C2
4618.70
18027.24
40384.70
70886.03
112591.54
162196.75
220840.34

M3->C1
10.49
16.61
25.26
31.66
41.92
49.00
61.70

M3->C2
7.44
14.82
25.90
34.31
40.38
50.58
57.45

M4->C1
2.31
4.89
7.37
10.31
12.48
15.03
18.67

M4->C2
2.50
4.96
7.46
10.66
13.19
16.74
18.51

M5->C1
25.86
56.55
84.99
117.63
148.97
183.83
214.51

M5->C2
24.64
55.37
79.42
110.36
141.94
172.29
210.43



---- AMOSTRA #2 ----

M1->C1
4140.57
16519.44
37075.85
66097.43
103637.18
148217.68
202438.84

M1->C2
7348.49
29429.58
65783.80
114807.59
180012.91
259976.01
361178.43

M2->C1
0.27
0.54
0.83
1.49
1.89
1.81
2.48

M2->C2
4708.07
17657.67
39769.10
71549.95
110945.13
160231.16
217617.61

M3->C1
9.63
19.53
24.80
32.35
40.40
48.93
68.50

M3->C2
11.31
22.45
25.47
32.77
41.86
50.65
58.75

M4->C1
2.71
5.09
7.56
10.46
11.95
15.15
18.71

M4->C2
2.42
5.26
7.68
10.62
13.81
15.74
19.08

M5->C1
28.14
62.88
85.30
124.44
162.51
187.12
222.82

M5->C2
26.99
53.80
81.52
110.44
141.69
172.70
209.17



---- AMOSTRA #3 ----

M1->C1
4271.56
16509.19
36547.40
66409.03
102186.90
147296.14
200601.24

M1->C2
7260.66
28648.40
65065.35
115964.32
183411.47
261022.90
359599.50

M2->C1
0.27
0.55
0.83
1.33
1.89
2.35
2.67

M2->C2
4713.28
18177.39
40683.62
71173.76
111578.38
160933.88
217191.25

M3->C1
7.47
19.90
32.24
33.40
42.99
50.26
63.15

M3->C2
8.95
16.55
25.99
33.38
42.47
56.11
59.91

M4->C1
3.40
5.43
7.68
10.91
12.68
15.73
18.79

M4->C2
2.97
5.61
8.27
12.03
13.81
17.45
21.88

M5->C1
28.46
59.15
88.30
123.14
152.47
188.91
219.38

M5->C2
25.64
54.05
82.97
111.62
142.10
174.63
210.62



---- AMOSTRA #4 ----

M1->C1
4183.26
16719.49
37410.04
65336.24
102492.85
147057.54
201158.54

M1->C2
7379.23
28833.23
67576.28
118144.26
181698.67
260881.27
356528.79

M2->C1
0.27
0.54
0.82
1.11
2.97
2.25
2.25

M2->C2
4492.62
18037.47
39517.26
70810.01
109955.03
157244.34
214905.71

M3->C1
7.66
21.18
25.29
31.90
40.10
48.70
57.98

M3->C2
7.57
15.61
23.86
31.14
41.94
49.43
58.89

M4->C1
2.31
4.92
7.29
10.13
12.48
15.43
18.67

M4->C2
2.40
5.10
7.41
10.54
13.31
15.66
18.43

M5->C1
26.12
56.46
83.88
114.87
152.33
181.82
217.62

M5->C2
25.56
54.35
80.05
110.95
140.70
168.93
216.90



---- AMOSTRA #5 ----

M1->C1
4108.79
16344.44
36656.11
65492.42
102701.24
147235.00
200081.40

M1->C2
7224.89
28624.16
65797.90
116862.72
182966.17
266850.98
359854.02

M2->C1
0.28
0.54
1.03
1.54
1.94
1.66
1.94

M2->C2
4676.57
17747.40
40850.69
71025.47
110031.17
158147.81
217139.06

M3->C1
8.67
17.05
23.45
31.81
39.00
48.82
57.12

M3->C2
7.51
15.75
24.07
31.49
41.09
49.89
57.75

M4->C1
2.30
4.91
7.32
10.36
12.64
15.26
17.92

M4->C2
2.40
4.87
7.36
10.26
12.89
15.26
18.40

M5->C1
26.55
56.02
85.99
115.70
149.20
180.95
213.72

M5->C2
23.88
54.48
81.99
109.56
142.42
173.68
210.51



---- AMOSTRA #6 ----

M1->C1
4141.22
16348.31
37224.83
65807.75
102763.22
146427.32
199346.89

M1->C2
7268.61
28705.65
65016.21
116096.51
179999.97
258909.80
351479.05

M2->C1
0.28
0.54
0.88
1.09
1.40
2.17
1.92

M2->C2
4479.43
17491.55
39867.85
69891.19
108811.84
156752.20
214321.87

M3->C1
11.32
24.04
31.92
39.59
48.15
54.56
59.06

M3->C2
7.52
15.79
25.79
33.06
41.56
50.37
59.72

M4->C1
2.62
5.75
9.06
11.87
14.34
17.62
21.45

M4->C2
2.94
6.40
9.38
13.58
15.19
19.50
23.21

M5->C1
32.10
61.36
92.62
124.13
157.93
188.60
225.67

M5->C2
30.86
59.67
86.83
117.34
150.20
182.13
211.56



---- AMOSTRA #7 ----

M1->C1
4108.84
16444.29
36524.51
65264.09
101320.93
146258.01
198586.20

M1->C2
7239.72
29059.77
65015.20
114754.56
179487.24
259063.92
352432.44

M2->C1
0.27
0.63
0.83
1.09
1.37
2.16
1.91

M2->C2
4407.03
17411.94
39620.96
69862.33
109086.11
157004.10
214619.80

M3->C1
8.26
23.77
31.54
32.65
41.20
49.39
57.89

M3->C2
7.54
17.47
25.62
34.10
42.07
51.71
59.46

M4->C1
2.35
4.91
7.44
10.40
13.11
16.89
19.87

M4->C2
2.47
5.14
7.81
11.08
13.89
17.26
21.70

M5->C1
28.18
55.63
86.89
119.30
148.54
182.81
213.71

M5->C2
33.28
57.22
81.66
110.67
144.12
173.15
206.16



---- AMOSTRA #8 ----

M1->C1
4080.26
16263.68
36593.58
65147.81
101582.18
146220.61
198987.59

M1->C2
7209.51
28820.07
64863.56
115163.65



---- AMOSTRA #1 ----

M1->C1
4143.98
16647.59
37176.33
66141.48
103237.35
148676.22
201582.64

M1->C2
7335.65
29183.98
66209.99
117736.99
184645.74
265484.65
364947.81

M2->C1
0.27
0.55
1.10
1.52
1.75
2.15
2.67

M2->C2
4414.43
17998.38
39997.17
71134.46
111396.09
161325.09
219554.43

M3->C1
8.91
18.79
28.27
34.95
43.17
54.27
61.05

M3->C2
8.57
23.50
28.23
36.41
50.49
55.55
66.15

M4->C1
2.33
4.93
7.43
10.72
12.78
15.96
21.52

M4->C2
2.98
6.50
8.25
11.48
13.87
18.52
21.70

M5->C1
27.92
56.84
87.94
130.07
151.28
183.59
223.19

M5->C2
25.17
54.27
84.76
113.10
144.08
175.27
205.35



---- AMOSTRA #2 ----

M1->C1
4084.88
16505.34
36886.91
65839.30
103102.75
148025.34
200624.78

M1->C2
7598.07
29380.17
65661.48
117308.39
183337.31
266459.15
359144.26

M2->C1
0.28
0.55
0.82
1.49
1.81
1.73
2.38

M2->C2
4473.07
18405.37
40861.22
70973.66
110210.88
158161.88
215574.09

M3->C1
8.93
22.89
28.28
33.20
41.84
52.12
59.25

M3->C2
8.61
18.00
36.69
42.55
49.53
59.91
67.45

M4->C1
2.70
5.84
8.45
12.03
15.20
17.88
20.69

M4->C2
2.96
6.29
9.29
13.12
16.35
19.50
21.14

M5->C1
27.53
58.09
88.38
118.90
159.39
194.36
229.48

M5->C2
25.39
54.38
87.59
118.82
150.84
180.81
217.82
