
M1->C1
6024,17
8201,59
10696,76
13441,38
16467,31
20021,06
24039,97

M1->C2
11023,32
14563,68
19009,54
24213,49
29478,19
35521,70
42544,11

M2->C1
0,46
0,55
0,61
0,68
0,70
0,85
0,85

M2->C2
6422,26
8668,20
11648,68
14371,24
17642,63
21389,60
25661,42

M3->C1
11,56
13,53
14,62
14,12
20,95
22,09
20,86

M3->C2
9,56
11,87
13,41
15,00
18,75
18,18
22,39

M4->C1
2,95
3,70
4,67
5,05
5,63
6,05
6,43

M4->C2
3,05
3,95
4,46
5,55
6,40
6,07
6,55

M5->C1
33,57
39,17
45,84
55,26
63,69
68,24
73,67

M5->C2
37,27
36,87
42,35
47,51
54,63
58,23
66,36

M1->C1
6011,49
8056,90
10473,81
13535,69
16549,08
19947,40
23677,55

M1->C2
10489,35
14407,21
18821,74
23793,52
29956,71
37132,15
42872,69

M2->C1
0,46
0,55
0,61
0,70
0,77
0,85
0,94

M2->C2
6775,46
8837,24
11279,06
14389,46
18124,80
21531,07
25574,10

M3->C1
11,70
14,69
18,21
14,86
22,50
22,11
26,51

M3->C2
10,14
13,44
18,09
20,38
19,58
25,04
28,62

M4->C1
3,09
3,58
4,31
4,98
5,63
6,02
6,51

M4->C2
3,42
4,05
4,78
5,46
6,15
5,65
6,56

M5->C1
32,87
46,30
45,40
57,69
58,38
63,64
69,19

M5->C2
37,65
36,76
42,48
48,50
54,88
59,93
66,07

M1->C1
5915,99
8104,37
10593,52
13399,08
16470,63
19927,13
23875,92

M1->C2
11923,73
14660,15
19503,82
23556,61
29426,73
36465,06
41842,97

M2->C1
0,46
0,54
0,61
0,65
0,76
0,85
0,92

M2->C2
6417,83
8699,22
11689,87
14566,04
17792,68
21763,73
25800,90

M3->C1
10,55
16,48
15,15
20,18
19,85
18,53
19,81

M3->C2
10,32
12,50
13,48
15,02
17,30
19,41
24,66

M4->C1
3,04
3,68
4,07
4,80
5,65
6,12
6,34

M4->C2
3,38
3,75
4,42
5,00
5,67
6,09
6,51

M5->C1
33,76
40,11
44,81
55,18
56,88
63,63
69,97

M5->C2
32,92
38,04
41,94
48,39
53,52
58,62
65,64

M1->C1
5947,74
8092,24
10561,77
13358,72
16649,90
19975,03
23914,73

M1->C2
10823,70
14525,65
18759,70
23908,56
29851,40
35611,62
41864,85

M2->C1
0,32
0,38
0,43
0,49
0,54
0,59
0,69

M2->C2
6318,27
8581,09
11181,27
14141,24
17615,91
21420,33
25193,56

M3->C1
20,98
13,38
13,16
13,31
14,90
16,43
18,46

M3->C2
8,84
10,36
12,74
13,48
14,88
16,62
19,66

M4->C1
2,94
3,48
4,77
5,95
5,28
6,28
6,09

M4->C2
3,27
3,82
4,34
4,81
4,91
5,27
5,69

M5->C1
30,81
36,65
41,63
48,38
54,72
60,49
66,72

M5->C2
29,50
34,47
40,34
46,38
52,09
56,58
61,29

M1->C1
6025,56
8102,56
10571,48
13541,56
16392,53
19770,31
23972,24

M1->C2
10486,09
14366,41
18597,27
23751,06
29355,53
35449,00
42362,79

M2->C1
0,46
0,54
0,61
0,67
0,77
0,81
0,87

M2->C2
6419,11
8657,98
11396,49
14438,27
17659,80
21319,19
25577,34

M3->C1
13,37
15,56
12,53
13,87
15,05
17,12
18,22

M3->C2
8,85
10,88
12,21
14,78
15,97
17,53
18,85

M4->C1
3,03
3,39
4,11
4,44
4,74
5,36
5,96

M4->C2
2,82
3,35
4,65
4,52
5,11
5,53
5,93

M5->C1
31,20
36,52
42,85
48,16
55,70
60,38
68,33

M5->C2
28,51
35,81
41,39
46,48
51,33
58,23
66,44

M1->C1
5966,13
8115,79
10557,43
13389,77
16394,27
20061,43
23760,74

M1->C2
10576,33
14824,74
18648,12
23702,65
29289,65
35517,07
42152,30

M2->C1
0,47
0,54
0,61
0,70
0,79
0,82
0,91

M2->C2
6416,00
8869,24
11568,60
14679,13
17661,36
21496,83
25371,12

M3->C1
11,81
15,32
15,03
14,14
19,05
20,54
20,55

M3->C2
9,45
12,67
13,97
16,65
17,79
19,93
26,77

M4->C1
2,68
3,60
4,33
5,34
5,48
5,39
6,49

M4->C2
2,83
3,59
4,36
4,63
5,71
5,76
6,46

M5->C1
34,86
39,45
45,03
54,22
62,51
68,38
83,30

M5->C2
36,63
41,86
47,76
53,29
60,22
65,82
72,72

M1->C1
6012,45
8115,88
10647,72
13487,41
16680,94
19881,35
23485,08

M1->C2
10482,26
14294,43
18769,06
23789,36
29157,75
35503,43
42552,64

M2->C1
0,47
0,51
0,62
0,61
0,69
0,80
0,91

M2->C2
6534,94
8823,39
11378,55
14318,11
18362,16
21835,94
25844,02

M3->C1
9,91
12,68
13,20
16,16
15,39
17,54
18,74

M3->C2
9,26
11,12
12,47
14,86
15,90
17,12
19,63

M4->C1
2,96
3,52
3,94
4,44
4,80
5,04
5,39

M4->C2
3,46
3,34
4,21
5,41
5,96
6,09
6,51

M5->C1
31,38
39,49
42,98
48,72
56,36
61,18
68,97

M5->C2
32,08
37,75
42,98
49,01
53,83
60,92
68,31

M1->C1
6059,04
8088,76
10559,45
13336,06
16362,98
19785,49
23809,82

M1->C2
10683,23
14821,27
18949,69
23919,35
29701,61
35646,45
42799,64

M2->C1
0,46
0,54
0,60
0,69
0,74
0,81
0,87

M2->C2
6465,97
8727,14
11480,13
14558,98
18695,94
21704,13
25429,30

M3->C1
10,70
10,79
13,85
13,89
16,43
16,27
18,42

M3->C2
9,19
10,63
13,11
13,70
16,40
16,91
19,05

M4->C1
2,68
3,35
4,18
4,45
4,88
5,93
5,64

M4->C2
2,79
3,21
3,91
4,49
5,09
5,24
6,09

M5->C1
32,10
38,27
44,69
49,61
55,79
62,64
68,29

M5->C2
31,11
35,25
40,74
48,38
51,37
57,85
64,47

M1->C1
6012,21
8072,89
10763,73
13413,31
16470,81
19963,58
24373,96

M1->C2
10691,55
14255,94
18857,36
23544,02
28345,81
34516,93
41590,73

M2->C1
0,33
0,40
0,43
0,48
0,54
0,60
0,67

M2->C2
6395,48
8731,42
11406,41
14306,22
17179,19
20912,90
25173,05

M3->C1
9,11
12,56
15,90
13,34
14,74
16,26
19,23

M3->C2
8,85
10,43
11,75
13,93
14,69
17,11
18,89

M4->C1
2,64
3,39
3,63
4,16
4,86
5,29
5,65

M4->C2
2,81
3,33
4,25
5,42
5,37
5,54
5,94

M5->C1
31,56
36,15
41,78
48,05
54,29
60,18
65,64

M5->C2
28,54
34,98
39,94
44,65
50,75
56,16
63,48

M1->C1
5842,94
7997,01
10576,71
13402,68
16574,88
19983,72
23510,58

M1->C2
10460,86
14379,52
18555,01
23625,04
29126,24
34908,96
41422,29

M2->C1
0,46
0,53
0,61
0,70
0,76
0,83
0,92

M2->C2
6278,77
8556,89
11698,69
14348,20
17877,52
21456,72
26010,65

M3->C1
11,13
14,72
15,78
14,31
15,87
18,34
19,64

M3->C2
9,68
11,70
12,89
13,96
15,79
18,16
20,25

M4->C1
3,02
3,21
4,49
5,00
5,40
6,30
7,12

M4->C2
3,30
3,71
5,08
4,72
5,43
5,58
6,39

M5->C1
33,57
38,14
44,52
51,66
71,33
68,90
87,83

M5->C2
36,07
36,98
42,36
48,24
53,70
57,44
63,69
