
BUBBLE SORT: Melhor Caso

60000; 5905.14
70000; 8009.75
80000; 10581.74
90000; 13647.93
100000; 16470.77
110000; 20046.41
120000; 24064.62

BUBBLE SORT: Pior Caso

60000; 10555.19
70000; 14347.86
80000; 18889.65
90000; 23414.53
100000; 29011.74
110000; 35170.70
120000; 42166.56

BUBBLE SORT: Medio Caso

60000; 13249.03
70000; 17477.89
80000; 22699.49
90000; 29345.10
100000; 35447.18
110000; 42877.35
120000; 51216.04

INSERTION SORT: Melhor Caso

60000; 1.05
70000; 1.24
80000; 1.27
90000; 1.46
100000; 2.27
110000; 4.75
120000; 4.25

INSERTION SORT: Pior Caso

60000; 6403.59
70000; 8667.80
80000; 11604.05
90000; 14497.47
100000; 17780.15
110000; 21685.87
120000; 26363.25

INSERTION SORT: Medio Caso

60000; 3229.28
70000; 4374.83
80000; 5684.30
90000; 7243.40
100000; 9003.14
110000; 11049.74
120000; 12995.76

MERGE SORT: Melhor Caso

60000; 22.24
70000; 18.61
80000; 21.50
90000; 24.74
100000; 24.32
110000; 26.62
120000; 26.76

MERGE SORT: Pior Caso

60000; 18.93
70000; 24.83
80000; 26.26
90000; 25.54
100000; 26.51
110000; 21.73
120000; 20.93

MERGE SORT: Medio Caso

60000; 28.20
70000; 18.56
80000; 19.82
90000; 20.07
100000; 20.89
110000; 23.69
120000; 25.37

BUBBLE SORT: Melhor Caso

60000; 6.90
70000; 7.76
80000; 8.63
90000; 8.81
100000; 10.13
110000; 10.03
120000; 10.64

BUBBLE SORT: Pior Caso

60000; 6.43
70000; 8.14
80000; 7.61
90000; 7.96
100000; 8.12
110000; 9.28
120000; 8.99

BUBBLE SORT: Medio Caso


QUICK SORT: Melhor Caso

60000; 5.97
70000; 6.51
80000; 7.09
90000; 7.77
100000; 8.29
110000; 8.99
120000; 8.90

QUICK SORT: Pior Caso

60000; 4.56
70000; 5.23
80000; 5.80
90000; 7.19
100000; 7.24
110000; 7.92
120000; 8.00

HEAP SORT: Melhor Caso

60000; 50.75
70000; 40.09
80000; 45.88
90000; 51.31
100000; 65.26
110000; 68.91
120000; 73.95

HEAP SORT: Pior Caso

60000; 47.05
70000; 44.62
80000; 44.29
90000; 48.02
100000; 55.14
110000; 66.31
120000; 65.36

